M1=100;
K1=50;
b=50;
K2=25;
M2=20;